-50 -18 22
50 -18 22
-21 -35 40
21 -35 40
-16 -59 -39
16 -59 -39
-35 -48 -20
35 -48 20
-37 -70 -28
37 -70 -28
-53 -31 -1
53 -31 -1
-50 -49 -9
50 -49 -9
-41 -48 -32
41 -48 -32
-53 -10 -3
53 -10 -3
-9 -16 42
9 -16 42
-5 -36 -28
5 -36 -28
-9 -72 13
9 -72 13
-6 -63 -27
6 -63 -27
-9 -52 -38
9 -52 -38
-44 -23 -19
44 -23 -19
-10 -59 -4
10 -59 -4
-6 -7 22
6 -7 22
-6 26 7
6 26 7
-30 8 -28
30 8 -28
-24 -10 -47
24 -10 -47
-27 -17 -37
27 -17 -37
-17 50 -8
17 50 -8
-10 62 10
10 62 10
-16 43 -23
16 43 -23
-23 66 12
23 66 12
-35 65 -1
35 65 -1
-38 63 -26
38 63 -26
-30 34 -31
30 34 -31
-30 18 46
30 18 46
-26 40 44
26 40 44
-44 28 31
44 28 31
-58 16 19
58 16 19
-45 45 19
45 45 19
-11 40 27
11 40 27
-5 15 50
5 15 50
-12 -35 -13
12 -35 -13
-28 -27 -19
28 -27 -19
-20 -17 -19
20 -17 -19
-11 3 -12
11 3 -12
-47 -3 -11
47 -3 -11
-58 5 -13
58 5 -13
-47 -31 -38
47 -31 -38
-60 18 -22
60 18 -22
-39 -34 -55
39 -34 -55
-58 18 -39
58 18 -39